0 1 20 1
0 1 16 1
1 1 20 1
1 1 17 1
2 1 20 1
2 1 18 1
3 1 20 1
3 1 19 1
4 1 19 1
4 1 10 1
5 1 18 1
5 1 11 1
6 1 17 1
6 1 23 1
7 1 16 1
7 1 12 1
8 1 9 1
9 1 14 1
9 1 13 1
9 1 81 1
9 1 82 1
9 1 83 1
9 1 84 1
9 1 85 1
9 1 86 1
9 1 87 1
9 1 88 1
9 1 89 1
9 1 90 1
9 1 91 1
9 1 92 1
9 1 93 1
9 1 94 1
9 1 95 1
9 1 96 1
9 1 97 1
9 1 98 1
9 1 99 1
9 1 100 1
9 1 101 1
9 1 102 1
9 1 103 1
9 1 104 1
9 1 105 1
9 1 106 1
9 1 107 1
9 1 108 1
9 1 109 1
9 1 110 1
9 1 111 1
9 1 112 1
9 1 113 1
9 1 114 1
9 1 115 1
9 1 116 1
9 1 117 1
9 1 118 1
9 1 119 1
9 1 120 1
9 1 121 1
9 1 122 1
9 1 123 1
9 1 124 1
9 1 125 1
9 1 126 1
9 1 127 1
9 1 128 1
9 1 129 1
9 1 130 1
9 1 131 1
9 1 132 1
10 1 11 1
11 1 22 1
12 1 8 1
13 1 9 1
14 1 9 1
15 1 20 1
16 1 0 1
16 1 17 1
16 1 7 1
17 1 1 1
17 1 16 1
17 1 18 1
17 1 6 1
18 1 5 1
18 1 2 1
18 1 17 1
18 1 19 1
19 1 3 1
19 1 18 1
19 1 4 1
20 1 15 1
20 1 0 1
20 1 1 1
20 1 2 1
20 1 3 1
21 1 23 1
22 1 21 1
22 1 23 1
23 1 12 1
24 1 15 1
25 1 15 1
26 1 15 1
27 1 15 1
28 1 15 1
29 1 15 1
30 1 15 1
31 1 15 1
32 1 15 1
33 1 15 1
34 1 15 1
35 1 15 1
36 1 15 1
37 1 15 1
38 1 15 1
39 1 15 1
40 1 15 1
41 1 15 1
42 1 15 1
43 1 15 1
44 1 15 1
45 1 15 1
46 1 15 1
47 1 15 1
48 1 15 1
49 1 15 1
50 1 15 1
51 1 15 1
52 1 15 1
53 1 15 1
54 1 15 1
55 1 15 1
56 1 15 1
57 1 15 1
58 1 15 1
59 1 15 1
60 1 15 1
61 1 15 1
62 1 15 1
63 1 15 1
64 1 15 1
65 1 15 1
66 1 15 1
67 1 15 1
68 1 15 1
69 1 15 1
70 1 15 1
71 1 15 1
72 1 15 1
73 1 15 1
74 1 15 1
75 1 15 1
76 1 15 1
77 1 15 1
78 1 15 1
79 1 15 1
80 1 15 1