1 2 6 2 1
2 2 7 2 1
3 2 1 2 1
4 2 2 2 1
4 2 18 1 1
5 2 2 2 1
5 2 18 1 1
6 2 12 1 1
7 2 1 2 1
8 1 28 1 1
8 1 24 1 1
9 1 28 1 1
9 1 25 1 1
10 1 28 1 1
10 1 26 1 1
11 1 28 1 1
11 1 27 1 1
12 1 27 1 1
12 1 18 1 1
13 1 26 1 1
13 1 19 1 1
14 1 25 1 1
14 1 31 1 1
15 1 24 1 1
15 1 20 1 1
16 1 17 1 1
17 1 22 1 1
17 1 21 1 1
17 1 89 1 1
17 1 90 1 1
17 1 91 1 1
17 1 92 1 1
17 1 93 1 1
17 1 94 1 1
17 1 95 1 1
17 1 96 1 1
17 1 97 1 1
17 1 98 1 1
17 1 99 1 1
17 1 100 1 1
17 1 101 1 1
17 1 102 1 1
17 1 103 1 1
17 1 104 1 1
17 1 105 1 1
17 1 106 1 1
17 1 107 1 1
17 1 108 1 1
17 1 109 1 1
17 1 110 1 1
17 1 111 1 1
17 1 112 1 1
17 1 113 1 1
17 1 114 1 1
17 1 115 1 1
17 1 116 1 1
17 1 117 1 1
17 1 118 1 1
17 1 119 1 1
17 1 120 1 1
17 1 121 1 1
17 1 122 1 1
17 1 123 1 1
17 1 124 1 1
17 1 125 1 1
17 1 126 1 1
17 1 127 1 1
17 1 128 1 1
17 1 129 1 1
17 1 130 1 1
17 1 131 1 1
17 1 132 1 1
17 1 133 1 1
17 1 134 1 1
17 1 135 1 1
17 1 136 1 1
17 1 137 1 1
17 1 138 1 1
17 1 139 1 1
17 1 140 1 1
18 1 19 1 1
19 1 30 1 1
20 1 16 1 1
21 1 17 1 1
22 1 17 1 1
23 1 28 1 1
24 1 8 1 1
24 1 25 1 1
24 1 15 1 1
25 1 9 1 1
25 1 24 1 1
25 1 26 1 1
25 1 14 1 1
26 1 13 1 1
26 1 10 1 1
26 1 25 1 1
26 1 27 1 1
27 1 11 1 1
27 1 26 1 1
27 1 12 1 1
28 1 23 1 1
28 1 8 1 1
28 1 9 1 1
28 1 10 1 1
28 1 11 1 1
29 1 31 1 1
30 1 29 1 1
30 1 31 1 1
31 1 20 1 1
32 1 23 1 1
33 1 23 1 1
34 1 23 1 1
35 1 23 1 1
36 1 23 1 1
37 1 23 1 1
38 1 23 1 1
39 1 23 1 1
40 1 23 1 1
41 1 23 1 1
42 1 23 1 1
43 1 23 1 1
44 1 23 1 1
45 1 23 1 1
46 1 23 1 1
47 1 23 1 1
48 1 23 1 1
49 1 23 1 1
50 1 23 1 1
51 1 23 1 1
52 1 23 1 1
53 1 23 1 1
54 1 23 1 1
55 1 23 1 1
56 1 23 1 1
57 1 23 1 1
58 1 23 1 1
59 1 23 1 1
60 1 23 1 1
61 1 23 1 1
62 1 23 1 1
63 1 23 1 1
64 1 23 1 1
65 1 23 1 1
66 1 23 1 1
67 1 23 1 1
68 1 23 1 1
69 1 23 1 1
70 1 23 1 1
71 1 23 1 1
72 1 23 1 1
73 1 23 1 1
74 1 23 1 1
75 1 23 1 1
76 1 23 1 1
77 1 23 1 1
78 1 23 1 1
79 1 23 1 1
80 1 23 1 1
81 1 23 1 1
82 1 23 1 1
83 1 23 1 1
84 1 23 1 1
85 1 23 1 1
86 1 23 1 1
87 1 23 1 1
88 1 23 1 1