0 20
0 16
1 20
1 17
2 20
2 18
3 20
3 19
4 19
4 10
5 18
5 11
6 17
6 23
7 16
7 12
8 9
9 14
9 13
9 81
9 82
9 83
9 84
9 85
9 86
9 87
9 88
9 89
9 90
9 91
9 92
9 93
9 94
9 95
9 96
9 97
9 98
9 99
9 100
9 101
9 102
9 103
9 104
9 105
9 106
9 107
9 108
9 109
9 110
9 111
9 112
9 113
9 114
9 115
9 116
9 117
9 118
9 119
9 120
9 121
9 122
9 123
9 124
9 125
9 126
9 127
9 128
9 129
9 130
9 131
9 132
10 11
11 22
12 8
13 9
14 9
15 20
16 0
16 17
16 7
17 1
17 16
17 18
17 6
18 5
18 2
18 17
18 19
19 3
19 18
19 4
20 15
20 0
20 1
20 2
20 3
21 23
22 21
22 23
23 12
24 15
25 15
26 15
27 15
28 15
29 15
30 15
31 15
32 15
33 15
34 15
35 15
36 15
37 15
38 15
39 15
40 15
41 15
42 15
43 15
44 15
45 15
46 15
47 15
48 15
49 15
50 15
51 15
52 15
53 15
54 15
55 15
56 15
57 15
58 15
59 15
60 15
61 15
62 15
63 15
64 15
65 15
66 15
67 15
68 15
69 15
70 15
71 15
72 15
73 15
74 15
75 15
76 15
77 15
78 15
79 15
80 15
